1 5 5 50
0.10847560511560433 -0.012861760785519065 0.12060934170571667 -0.23126901940754116 -0.23733588770259734 -0.17060033645697947 0.22981297101672774 0.21767923442661538 0.21767923442661538 -0.26160336088282204 0.1145424734106605 -0.20700154622731648 0.27834791737717707 -0.25553649258776584 -0.26160336088282204 0.1934117612463907 0.18127802465627837 -0.2434027559976535 0.19947862954144688 0.26014731249200856 -0.024995497375631403 -0.1645334681619233 0.07207439534526731 0.14487681488594134 -0.2676702291778782 0.0
-0.1889333720122806 -0.149352358322557 0.06834321697092273 -0.28128907062163566 0.22007043611486315 0.2596514498045867 -0.24830489254686597 0.015568532051291275 -0.03720615286834018 -0.15594919393751094 -0.09657767340292556 0.2992324634943103 -0.0833840021730177 -0.07678716655806377 0.2992324634943103 -0.12956185147769522 0.05514954574101486 0.16069891558027777 -0.21532071447209633 -0.22191755008705025 0.2134736004999092 -0.19553020762723453 -0.1889333720122806 0.3454103127989878 0.33221664156908 0.0
-0.26502846845342026 0.04589878503941918 0.04589878503941918 -0.33905876690409636 0.34201997884212343 0.26058665054637975 0.08291393426475721 -0.005922423876054064 -0.23541634907314984 -0.33165573705902873 0.1791533222506361 -0.06514666263659491 0.12733211333516284 -0.020728483566189275 0.031092725349283968 0.068107874574622 0.13473514318023044 -0.3020436176787583 0.02368969550421636 -0.09475878201686534 0.34201997884212343 -0.11696787155206816 0.11992908349009523 0.3050048296167854 -0.33165573705902873 0.0
0.08009355877468581 -0.06686709952749001 -0.24444456164261913 0.04335339419914185 -0.11585398562821528 -0.25669128316780043 -0.20770439706707516 0.31278126775313086 -0.2873080869807537 -0.2811847262181631 -0.26893800469298174 -0.1709642324915312 0.202560774026499 0.2944111854653589 0.09234028029986713 0.2454242993646336 -0.03625029571453671 -0.1587175109663499 0.17806733097613636 -0.07911382105267133 0.23317757783945228 0.055600115724323176 0.16582060945095503 -0.04849701723971803 0.3189046285157215 0.0
-0.08774048408448762 -0.1526799871075459 -0.0011544800537432339 0.21531053002311773 0.2658190323743853 -0.3330674955049301 0.1792330283436409 0.04935402229752433 -0.0733094834126969 0.09986252464879189 -0.08052498374859225 0.20809502968722238 -0.2969899938254532 -0.0300164813973247 -0.37636049752030226 -0.09495598442038299 -0.08052498374859225 0.21531053002311773 0.1792330283436409 0.19366402901543164 0.1864485286795363 0.1864485286795363 -0.2031884894588135 0.20087952935132702 -0.3691449971844069 0.0
-0.057621223853652336 0.09439456772005356 0.06543917884887149 0.253649206511555 0.2826045953827371 -0.014188140546879223 0.10163341493784908 -0.21687586264515377 -0.33993626534767757 0.17402188711580427 0.2246938176403729 0.10163341493784908 0.1088722621556446 0.03648378997768941 0.1088722621556446 -0.1951593209917672 0.12334995659123564 -0.18068162655617617 -0.24583125151633584 -0.14448739046719855 -0.3978470430900417 0.12334995659123564 0.2753657481649415 0.07991687328446252 -0.3616528070010641 0.0
-0.0473300286048081 0.07099504290721217 0.08578567684621471 0.2484826501752426 -0.23960826981184105 0.12276226169372105 -0.10649256436081825 0.204110748358235 -0.23960826981184105 0.08578567684621471 -0.09170193042181571 0.21890138229723752 -0.2987708055678512 -0.23221295284233978 -0.2691895376898461 0.28545923502274895 -0.07691129648281317 0.04141377502920711 0.19671543138873374 -0.2765848546593474 0.3372264538092578 -0.23221295284233978 0.2632732841142451 -0.12867851526932206 0.07839035987671344 0.0
-0.2499052526868338 -0.12042066580246395 -0.19811141793308587 0.1385485079662757 0.2356619481295531 0.17091965468736817 -0.21105987662152284 0.2939300122275195 0.300404241571738 -0.21105987662152284 -0.13984335383511942 0.08028044386830929 -0.19811141793308587 0.10617736124518326 -0.14631758317933793 -0.2628537113752708 0.313352700260175 -0.1722145005562119 0.28745578288330104 -0.1722145005562119 0.19681657206424213 -0.0880495190813715 0.2939300122275195 -0.18516295924464887 -0.06215260170449753 0.0
-0.14494194991780454 -0.23084504523546887 0.40171411119460476 -0.1371325776161987 0.1596235698448235 0.011245496114312402 -0.11370446071138116 -0.2620825344418923 -0.12932320531459285 0.22990792055927614 -0.2542731621402864 0.12057670833679426 0.06591110222555334 0.08152984682876503 -0.10589508840977531 0.339239132781758 0.23771729286088197 -0.23084504523546887 0.18305168674964106 0.08152984682876503 0.03467361301912995 -0.2542731621402864 -0.11370446071138116 -0.2542731621402864 0.28457352667051705 0.0
0.11130780226380843 -0.11722270963048421 0.13819374483960756 -0.10377973834258464 -0.2449309368655301 -0.05672933883493616 0.04409294582431059 -0.14410865220628336 0.07097888840010973 -0.08361528141073529 -0.2919813363731786 0.13819374483960756 0.057535917112210164 0.11130780226380843 0.26590197207465344 0.36000277108995044 0.11130780226380843 0.31967385722625175 -0.2987028220171284 -0.15755162349418292 -0.14410865220628336 0.33983831415810106 0.13147225919565778 -0.278538365085279 -0.278538365085279 0.0
-0.06646326693300854 0.12164031872644959 0.10073992031984313 -0.1918656573726473 0.24704270916608834 -0.21276605577925375 -0.15006486055943438 0.32019410358921097 0.15299091633635928 0.1947917131495722 0.11119011952314636 -0.42177003984531836 -0.035112669323098845 -0.2650170517957699 0.11119011952314636 -0.024662470119795617 0.2574929083693916 -0.317268047812286 -0.21276605577925375 -0.2336664541858602 0.18434151394626896 0.21569211155617865 0.02758852589672053 0.14254071713305605 -0.0560130677297053 0.0
0.20114318813857038 -0.27634805966812487 0.2832119963553461 0.014623169464080047 -0.052524037258736465 0.059387973945957725 -0.3658776686318802 -0.09728884174061414 -0.350956067137921 0.19368238739159074 -0.08982804099363453 0.02208397021105966 -0.2614264581741656 -0.1345928454755122 0.17129998515065192 -0.35841686788490057 0.15637838365669268 0.31305519934326453 0.19368238739159074 -0.0749064394996753 0.037005571705018885 -0.037602435764777245 0.31305519934326453 0.037005571705018885 0.1041527784278354 0.0
0.2591964205221487 -0.1700976509676601 -0.21059709167424584 -0.11339843397844006 0.03239955256526859 0.06479910513053717 -0.08099888141317148 -0.35639507821795446 0.38879463078322307 -0.08099888141317148 -0.25109653238083157 0.1376980984023915 0.08909876955448862 -0.10529854583712292 0.24299664423951442 0.36449496635927164 -0.2915959730874173 0.04049944070658574 0.03239955256526859 -0.03239955256526859 -0.1538978746850258 0.24299664423951442 -0.33209541379400304 0.12959821026107435 0.1538978746850258 0.0
0.050293328579849396 -0.18996142578248842 0.18643768938517416 0.2825395911301093 -0.06983404860131952 -0.02979158954092988 -0.21398690121872221 -0.43021618014482627 0.2585141156938755 0.018259361331537684 0.03427634495569354 0.018259361331537684 0.07431880401608318 0.16241221394894037 -0.11788499947378708 0.2905480829421872 0.09033578764023903 0.1063527712643949 0.026267853143615613 -0.3821652292723587 0.13037824670062867 0.26652260750595347 0.0022423777073818287 -0.2860633275274236 -0.2780548357153456 0.0
-0.11666471239510266 0.06230956230192982 0.18825442227391564 0.015908824417513987 -0.21609486500456515 -0.043749267148163504 0.1617397149113923 -0.36192575549844347 0.009280147576883157 -0.36192575549844347 -0.28238163341087347 -0.1895801576420418 0.25454119068022396 0.17499706859265396 0.17499706859265396 0.24791251383959312 0.1551110380707615 0.002651470736252324 -0.302267663932766 0.135225007548869 0.2213978064770698 0.022537501258144823 0.20814045279580815 -0.28238163341087347 0.12196765386760731 0.0
0.2431910174478473 -0.11566065415510557 -0.3226904646952707 -0.060452704677728196 -0.14326462889379424 -0.32959145837994286 -0.11566065415510557 0.22938903007850295 0.20868604902448645 -0.20537357205584378 -0.23297754679453245 0.3191019479792412 0.015458225853665675 0.13967611217776474 0.2914979732405525 -0.14326462889379424 0.08446816270038739 -0.17086860363248293 0.22938903007850295 -0.28128450258723764 0.22938903007850295 -0.03974972362371169 0.2638939985018638 0.04996319427702653 -0.14326462889379424 0.0
0.09716797019698746 -0.23835678877051075 0.08374697983828754 0.29177233039813644 0.12400995091438732 0.18440440752853698 0.24479886414268667 -0.24506728394986071 0.17098341716983706 0.17098341716983706 -0.010199952672611966 -0.2517777791292107 0.08374697983828754 -0.2316462935911608 0.19782539788723694 0.0703259894795876 -0.23835678877051075 -0.3054617405640104 0.09716797019698746 -0.19809381769441095 -0.23835678877051075 0.10387846537633742 0.0703259894795876 -0.3188827309227103 0.2850618352187865 0.0
0.14035517340116724 -0.03031016390569952 -0.2828948631198623 0.05843581149387119 0.1881414678470899 0.27688744324666065 -0.20780211470484095 0.051609198001596523 0.34515357816940734 0.32467373769258334 -0.13953597978209423 -0.13953597978209423 0.38611325912305533 0.18131485435481526 -0.1463625932743689 -0.18732227422801692 0.1267019464166179 -0.11905613930527023 0.16083501387799123 -0.1258827527975449 -0.0576166178747982 -0.24876179565848897 -0.2828948631198623 -0.15318920676664358 -0.11905613930527023 0.0
0.22438902088016313 0.1946292037873033 0.3062285178855277 -0.19224841841987456 0.008630346956929328 0.21694906660694818 -0.12528882996093993 -0.36336736670381864 -0.01368951586271555 -0.1476086927805848 0.05327007259621908 -0.20712832696630448 0.1946292037873033 0.3062285178855277 -0.39312718379667844 -0.35592741243060366 0.08302988968907891 -0.03600937868236043 0.11278970678193875 0.17230934096765843 0.008630346956929328 0.1574294324212285 0.13510956960158363 -0.20712832696630448 -0.1327287842341549 0.0
-0.19667910213823314 0.2674405301305113 0.15981858641601981 -0.23703733103116745 0.22035592975542126 0.19345044382679838 0.26071415864835557 -0.28412193140625747 0.22035592975542126 0.18672407234464267 -0.16304724472745458 -0.3043010458527246 -0.24376370251332316 0.05892301418368406 -0.33120653178134746 0.0791021286301512 0.23380867271973269 -0.18322635917392172 0.09928124307661836 -0.05542530101296311 0.09928124307661836 -0.19667910213823314 0.10600761455877407 0.19345044382679838 -0.18322635917392172 0.0
0.3591385512470668 0.11696220550104273 0.16180967693549164 -0.008610714515414198 -0.20593958882698937 0.00035877977147558355 0.3142910798126179 0.17077917122238143 -0.20593958882698937 0.24253512551749964 0.17974866550927118 0.07211473406659383 -0.21490908311387916 -0.1431531288187609 -0.12521414024498134 0.1349011940748223 0.018297768345255143 0.07211473406659383 -0.12521414024498134 -0.4032684631385645 0.33223006838639746 0.09005372264037338 -0.36739048599100543 -0.20593958882698937 -0.2597565545483281 0.0
0.1426027220980414 0.06417122494411863 0.2852054441960828 -0.2780753080911807 -0.29233558030098483 -0.028520544419608277 0.04278081662941242 0.17825340262255174 0.31372598861569106 -0.22816435535686622 -0.1853835387274538 -0.1426027220980414 0.0713013610490207 -0.20677394704216 -0.19251367483235587 0.20677394704216 -0.07843149715392277 0.14973285820294346 0.03565068052451035 0.12121231378333518 -0.03565068052451035 0.27094517198627865 -0.24955476367157242 0.33511639693039724 -0.29946571640588693 0.0
-0.24417894584908936 0.36022438546053775 -0.01584879846545244 0.26620608947904023 0.044591534665510274 0.2057657563480775 0.19233457120786357 -0.25089453841919634 -0.04942676131598728 0.06473831237583118 0.11846305293668692 0.037875942095403306 -0.24417894584908936 -0.24417894584908936 -0.04271116874588031 -0.2576101309893033 0.34007760775021684 -0.056142353886094246 0.09831627522636602 -0.28447250126973117 -0.14344505729748483 -0.18373861271812664 -0.22403216813876844 0.2863528671893611 0.2259125340583984 0.0
-0.35125493251481527 0.04172759979427426 -0.015433495814320583 -0.2798035630040717 -0.30838411080836914 0.2703719822286536 -0.008288358863246227 -0.20120705654225382 -0.32267438471051785 0.31324280393509973 0.31324280393509973 -0.08688486532506413 0.2275011605222075 0.14175951710931523 -0.3012389738572948 -0.029723769716469294 -0.09403000227613849 0.14175951710931523 -0.14404596093365898 -0.05115918056969236 0.1631949279625383 0.02743732589212555 0.277517119179728 -0.015433495814320583 0.2918073930818767 0.0
0.2585686312952155 0.03100547944024036 -0.2463371118830106 -0.025885308523503427 -0.0329966570189714 0.3510161617362992 -0.1681122784328629 -0.1681122784328629 0.15189840386319592 -0.20366902091020275 0.3083480707634913 0.18745514634053578 0.038116827935708336 0.3510161617362992 -0.2747825058648825 -0.17522362692833088 -0.25344846037847857 0.10923031289038806 -0.004551263037099507 0.2656799797906835 -0.025885308523503427 -0.21078036940567074 -0.3387846423240943 0.13767570687225997 -0.061442051000843295 0.0
-0.07709569423837552 0.001573381515068911 0.3477173148302244 0.2061129784740244 0.19824607089867996 -0.2029662154438866 -0.3131029214987088 -0.17149858514250882 0.025174104241102238 0.4027856678576355 -0.2029662154438866 -0.10069641696440884 -0.13216404726578662 -0.17149858514250882 -0.23443384574526435 0.10384317999454666 0.3241165921041911 0.3319834996795355 -0.12429713969044216 0.06450864211782445 -0.14003095484113107 -0.21083312301923104 0.05664173454248001 0.017307196665757796 0.001573381515068911 0.0
0.26491632000271004 -0.12425770728353767 0.26491632000271004 -0.291046576120501 0.17457234938268823 -0.18680353309739892 0.32051260961503114 0.0564302339565059 0.26491632000271004 -0.12425770728353767 -0.28409703991896085 0.25101724759962973 -0.27019796751588054 -0.24934935891126014 -0.23545028650817987 -0.03391373666351589 -0.18680353309739892 0.04253116155342562 0.2996640010104107 0.28576492860733044 0.04253116155342562 -0.06866141767121657 -0.11730817108199754 -0.08256049007429685 -0.013065128058895476 0.0
-0.13159371979011425 -0.23292358615827208 -0.1856363151864651 -0.05052982669558801 0.04404471524802595 0.3480343143524994 0.20617250143707846 -0.21941293730918437 -0.21941293730918437 -0.23967891058281593 0.16564055488981533 -0.15185969306374583 -0.1113277465164827 -0.13834904421465813 -0.20590228846009667 0.21968315028616617 -0.10457242209193884 -0.21941293730918437 -0.030263853421956446 0.29399171895614856 0.18590652816344688 0.14537458161618377 0.32101301665432397 -0.02350852899741259 0.33452366550341167 0.0
-0.12018290254461599 0.14909482721336795 0.06405975465821512 -0.028061573943200437 -0.4036331443951254 0.19869861953720708 -0.15561418277592967 -0.0209753178969377 0.2199573876759953 0.2199573876759953 0.24121615581478348 0.04280098651942691 0.19869861953720708 0.014455962334375974 -0.24064925533108247 -0.19104546300724334 0.22704364372225802 -0.3469430960250235 0.2837336920923599 0.120749803028317 -0.06349285417451411 -0.2052179750997688 0.14909482721336795 -0.3469430960250235 -0.006802805804412232 0.0
-0.12286277533438279 0.17901136553633656 -0.1153159218126148 -0.3039872598568144 0.05826170918804883 -0.2058781640738306 0.028074295100976893 -0.07758165420377489 -0.08512850772554287 0.2091987796234085 0.050714855666280846 0.38277641062407214 -0.2587061387262065 0.11108968384042471 -0.19078445703029465 0.21674563314517648 0.08090226975335278 0.33749528949346425 -0.2134250175955986 -0.1153159218126148 -0.2058781640738306 -0.2737998457697425 0.1639176584928006 0.3525889965370002 -0.002113118986095044 0.0
0.20291582850330747 0.17268403045454295 0.2089621881130604 -0.2868392998866778 0.19082310928380167 0.233147626552072 -0.014753117447797072 0.2452403457715778 0.11222043435701391 0.03361775943022616 0.04571047864973197 -0.29893201910618356 -0.17195846730137257 -0.27474658066717195 0.16059131123503714 -0.2142829845696429 -0.09335579237458483 -0.18405118652087837 0.22710126694231908 -0.30497837871593647 0.233147626552072 -0.0570776347160674 -0.14172666925260805 0.2573330649910836 -0.28079294027692486 0.0
0.3233172317838087 -0.009465829292847108 -0.19434530766876704 0.27894615697358793 0.04230042465241047 0.05709078292248406 -0.231321203343951 0.3307124109188455 0.012719708112263282 -0.09820797891328867 -0.2165308450738774 0.012719708112263282 -0.2165308450738774 0.04230042465241047 -0.12778869545343585 -0.0316513666979575 0.33810759005388236 -0.13518387458847264 -0.06123208323810468 -0.34224889036950296 0.33810759005388236 0.30852687351373514 0.05709078292248406 -0.31266817382935574 -0.16476459112861983 0.0
0.023445634793348 0.16300298475375277 0.33744967220425875 -0.26264693262548183 -0.0672666426809151 -0.15797892015517823 -0.13006745016309726 -0.297536270115583 -0.12308958266507702 0.23278165973395518 0.2816267322200969 0.037401369789388475 0.14206938225969207 0.10020217727157063 0.0932243097735504 0.009489899797307522 -0.30451413761360324 0.344427539702279 0.07926857477750991 -0.08820024517497582 -0.19286825764527943 0.26767099722405635 -0.23473546263340087 0.023445634793348 -0.2766026676215223 0.0
-0.33161109274852174 0.20853142655269413 0.20246240948189395 0.2570835631190955 -0.27092092204052 0.238876511906695 0.14784125584469235 0.22066946069429447 -0.21023075133251817 0.20853142655269413 0.22066946069429447 0.1296342046322918 -0.21023075133251817 -0.33161109274852174 -0.07064335870411408 -0.1252645123413157 0.12356518756149162 -0.028160239208512832 -0.27698993911132014 0.1903243753402936 0.1296342046322918 0.20853142655269413 -0.1980927171909178 -0.204161734261718 -0.22843780254491872 0.0
-0.33852201187094666 -0.21279424515936016 -0.008486624253032076 0.11724114245855444 -0.456391793163059 0.06223524452223533 -0.38566992438779163 0.07795121536118364 0.2665428654285634 0.0700932299417095 -0.3620959681293691 0.15653106955592522 0.10938315703908028 0.22725293833119262 0.22725293833119262 -0.008486624253032076 0.18796301123382184 -0.29137409935410175 0.14867308413645106 0.18010502581434767 0.07795121536118364 -0.1342143909646186 0.0700932299417095 0.07795121536118364 0.1408150987169769 0.0
-0.18602920739016987 -0.11905869272970872 -0.007441168295606795 -0.34973490989351935 -0.007441168295606795 0.02976467318242718 0.3422937415979126 -0.06697051466046115 0.26044089034623785 -0.1711468707989563 -0.07441168295606795 -0.364617246484733 -0.3422937415979126 0.1488233659121359 -0.1339410293209223 0.3422937415979126 0.16370570250334948 -0.20835271227699026 -0.01488233659121359 0.07441168295606795 0.23811738545941744 0.26044089034623785 0.16370570250334948 -0.03720584147803398 0.05952934636485436 0.0
-0.10266130443002898 -0.19200262948780736 -0.4194169114530614 -0.07017354986356411 -0.15139293627972628 0.24658205715946832 0.21409430259300347 -0.07829548850518032 -0.19200262948780736 0.2871917503675494 -0.0620516112219479 -0.04580773393871546 0.02728971383583048 -0.07017354986356411 0.26282593444270075 -0.35444140232013166 0.27094787308431695 0.27094787308431695 0.1328749161768413 0.09226522296876022 -0.216368445412656 -0.09453936578841277 0.2790698117259332 -0.10266130443002898 0.06789940704391156 0.0
-0.12036967834336598 0.18118275174439855 0.08694761734197212 0.20002977862488383 -0.14549904751734635 -0.2020401281588022 -0.026134543940939572 0.20002977862488383 -0.28371057797423843 -0.15806373210433655 -0.16434607439783164 0.2251591477988642 0.2377238323858544 -0.2020401281588022 0.04297122128750647 -0.22716949733278258 -0.13293436293035618 0.27541788614682494 -0.04498157082142485 0.2377238323858544 -0.252298866506763 -0.07011093999540523 0.28170022844032006 0.3319589667882808 -0.27114589338724826 0.0
0.26471535741570273 -0.27223262922872477 0.11705466108848518 -0.28565632889483544 -0.21853783056428203 -0.2655207793956694 -0.0775889840701198 0.36539310491153293 0.2848509069148688 0.2580035075826474 0.002953213926544336 -0.14470748240067324 -0.09772453356928583 0.029800613258765714 -0.04402973490484307 -0.2319615302303927 0.05664801259098709 0.31169830624709016 -0.2923681787278908 -0.010470485739566352 0.07678356209015312 0.11034281125542984 0.0432243129248764 0.26471535741570273 -0.24538522989650338 0.0
-0.3324287321391999 0.3507541071217283 -0.17167982878368734 -0.30027895146809735 -0.04308070609927735 -0.04308070609927735 0.270379655443972 0.07748097141735703 0.21411753926954266 0.43112855879948453 0.03729374557847891 -0.01896837059595047 0.021218855242927655 -0.17971727395146297 -0.21186705462256547 -0.35654106764252674 0.08551841658513266 -0.1877547191192386 -0.027005815763726095 0.19804264893399143 -0.04308070609927735 0.33467921678617707 0.11766819725623516 -0.1556049384481361 -0.06719304160260423 0.0
0.2291874651203913 0.280739915500942 -0.02857478678236243 0.11135329282198958 0.02297766359818831 -0.03593942255101253 -0.22005531676726517 -0.25687849561051573 -0.3673480321402673 -0.021210151013712323 -0.33052485329701675 -0.07276260139426306 0.2512813724263416 -0.07276260139426306 0.22182282935174116 0.2291874651203913 0.23655210088904138 -0.15377359484941422 0.20709355781444097 0.14817647166524012 0.1555411074338902 -0.07276260139426306 -0.32316021752836666 0.1334472001279399 -0.2716077671478159 0.0
-0.06988335492526827 0.04540644380931133 0.22277536493943378 -0.19404159971635399 0.018801105639792957 0.05427488986581745 -0.09648869309478664 0.17843313465690316 0.08974867409184194 0.3291967176175073 -0.21177849182936626 -0.4778318735245499 0.20503847282642154 -0.03440957069924378 -0.06988335492526827 -0.3536736287334642 0.311459825504495 -0.3181998445074397 0.05427488986581745 0.11635401226136032 -0.10535713915129276 0.26711759522196443 0.04540644380931133 0.04540644380931133 -0.052146462812256024 0.0
-0.30741924072212745 -0.07035465210556154 -0.10094363128189261 -0.3303609751043758 -0.2921247511339619 0.1437682021287561 -0.1085908760759754 0.09788473336425947 0.006117795835266196 -0.2462412823694653 0.38083279074532206 0.2278878948636666 -0.223299547987217 0.12082646774650778 -0.1315326104582237 0.3884800355394048 0.27377136362816323 -0.03211842813514767 0.23553513965774936 0.013765040629348968 0.2584768740399977 -0.12388536566414093 -0.024471183341064892 -0.20800505839905142 0.05200126459976283 0.0
0.09270869879534974 0.0396890181117347 0.10028293889300903 0.17602533986960195 -0.09664730364613254 -0.2935775461852741 0.35780710221342493 -0.14209274423208829 0.06998597850237187 0.1381541393813055 -0.35417146696654844 -0.369319947161867 -0.15724122442740687 0.11543141908832762 0.35023286211576565 -0.028479142767198918 -0.14209274423208829 0.19874806016257981 -0.14209274423208829 0.054837498307053284 -0.24055786550165906 0.229045020553217 -0.2026866650133626 0.10028293889300903 0.14572837947896478 0.0
0.25195669576992025 -0.2855711107103784 0.25195669576992025 0.35794809423082424 -0.0811591279643493 -0.01302180038233962 -0.02816342873389733 -0.058446685437012744 0.2443858815941414 -0.24014622565570523 -0.03573424290967618 0.12325285478167976 -0.02816342873389733 -0.1947213406010321 -0.09630075631590701 0.017261456320775796 0.3958021651097185 -0.30828355323771495 -0.07358831378857045 0.2973815808245934 -0.22500459730414754 -0.2477170398314841 0.214102624891026 -0.11144238466746473 -0.12658401301902242 0.0
0.13096252396063746 0.2782618862885528 0.1041808217191983 0.15774422620207662 -0.1569407751348334 -0.08998651953123553 -0.3310218397041879 -0.19711332849699215 0.17113507732279618 0.2983481629696322 0.25148018404711364 -0.08998651953123553 0.05061741723632001 0.14435337508135704 -0.29084928634202917 -0.11676822177267468 -0.13685449845375405 0.12426709840027768 -0.2707630096609498 -0.31763098858346833 0.3184344396507115 -0.1636362006951932 -0.09668194509159532 0.010444863874161284 0.2180030562453147 0.0
-0.105428844087943 -0.3160312566122843 -0.22030288728303826 -0.21392099599442185 0.1498468074567131 0.20090193776564436 -0.25859423501473666 -0.18201153955133983 -0.15648397439687423 0.19452004647702795 0.03497276426161787 0.19452004647702795 0.06050032941608348 0.24557517678595916 0.27748463322904116 0.07326411199331628 -0.20115721341718903 -0.22668477857165464 0.23919328549734276 -0.20115721341718903 0.22642950292010997 0.23919328549734276 -0.23944856114888746 0.20090193776564436 -0.016082366047313355 0.0
0.22734533744131563 -0.026874688451529332 0.1547110443290742 -0.07227112164668022 0.10931461113392332 0.1910281908851949 -0.29925328762243464 -0.36280829409564586 0.1274731844119837 0.11839389777295349 -0.10858826820280092 -0.1176675548418311 -0.026874688451529332 0.045759604660712085 -0.3991254406517666 -0.07227112164668022 0.17286961760713457 0.08207675121683279 -0.03595397509055951 -0.18122256131504233 0.41801035686094934 0.29997963055355703 0.03668031802168191 0.08207675121683279 -0.36280829409564586 0.0
0.262046512073993 0.3356550828812944 -0.2164091981734661 0.10010765629792992 -0.11335719904324415 -0.010305199913022185 0.2767682262354533 -0.06183119947813317 0.004416514248438095 -0.2973786260614977 0.20315965542815187 0.25468565499326284 -0.0029443428322920456 0.2252422266703423 0.10746851337866005 -0.15752234152762498 -0.2532134835771168 -0.31946119730368805 0.25468565499326284 -0.04710948531667289 0.07066422797500936 0.14427279878231075 -0.23849176941565653 -0.23113091233492639 -0.29001776898076753 0.0
0.0016369865809355924 -0.19616555861544682 -0.03928767794245387 -0.34622266186787487 0.28128886082409693 0.32221352534748643 0.26764730598296715 0.11076942530997418 -0.18252400377431702 -0.2507317779799661 -0.27119411024166085 0.2540057511418373 -0.012004568260194231 0.15851486725392855 0.04938242852488997 -0.18934478119488193 0.28128886082409693 -0.005183790839629319 0.19943953177731802 -0.005183790839629319 -0.2848356650827907 -0.005183790839629319 -0.18252400377431702 0.16533564467449346 -0.12113700698923281 0.0
